1685227453168 0.4173247218132019 49
1685227456081 0.40005606412887573 99
1685227458959 0.19806978106498718 149
1685227461900 0.3313961923122406 199
1685227464796 0.26079079508781433 249
1685227467806 0.18137456476688385 299
1685227470653 0.09164872765541077 349
1685227473518 0.11088857054710388 399
1685227476473 0.16364361345767975 449
1685227479938 0.12962131202220917 499
1685227483097 0.12651200592517853 549
1685227486137 0.11421344429254532 599
1685227489041 0.10221465677022934 649
1685227492289 0.10273432731628418 699
1685227495229 0.08774692565202713 749
1685227498300 0.15699248015880585 799
1685227902182 0.11283519864082336 849
1685228448046 0.14350900053977966 899
1685229585557 0.11006979644298553 949
1685229605486 0.09676776826381683 999
1685229614001 0.13612625002861023 1049
1685229620180 0.072177954018116 1099
1685230065235 0.06431742757558823 1149
