1685224172032 0 49
1685224173160 0 99
1685224175536 0 149
1685224176747 0 199
1685224177930 0 249
1685224179143 0 299
1685224180388 0 349
1685224181666 0 399
1685224183080 0 449
1685224184314 1 499
1685224185443 1 549
1685224186560 1 599
1685224187689 1 649
1685224188862 1 699
1685224191034 1 749
1685224192481 1 799
1685224195693 1 849
1685224197160 1 899
1685224198398 2 949
1685224199686 2 999
1685224201067 2 1049
1685224202451 2 1099
1685224203672 2 1149
1685224204867 2 1199
1685224206013 2 1249
1685224207154 2 1299
1685224208299 2 1349
1685224209581 2 1399
1685224210797 3 1449
1685224211988 3 1499
1685224213180 3 1549
1685224214328 3 1599
1685224215594 3 1649
1685224216794 3 1699
1685224218000 3 1749
1685224219247 3 1799
1685224220400 3 1849
1685224221573 4 1899
1685224222747 4 1949
1685224223907 4 1999
1685224225072 4 2049
1685224226230 4 2099
1685224227446 4 2149
1685224228619 4 2199
1685224230194 4 2249
1685224231446 4 2299
1685224232712 5 2349
1685224233968 5 2399
1685224235185 5 2449
1685224236464 5 2499
1685224237683 5 2549
1685224238944 5 2599
1685224240175 5 2649
1685224241375 5 2699
1685224242530 5 2749
1685224243741 5 2799
1685224244903 6 2849
1685224246119 6 2899
1685224247286 6 2949
1685224248446 6 2999
1685224250088 6 3049
1685224532585 6 3099
1685224536769 6 3149
1685224537905 6 3199
1685224539101 6 3249
1685224546524 7 3299
1685224561744 7 3349
1685224579507 7 3399
1685225085880 7 3449
1685225094854 7 3499
1685225113887 7 3549
1685225626349 7 3599
1685225630643 7 3649
1685225631772 7 3699
1685225633075 7 3749
1685225638384 8 3799
1685225656728 8 3849
1685225667598 8 3899
1685225996914 8 3949
1685226001940 8 3999
1685226450028 8 4049
1685226460324 8 4099
1685226463194 8 4149
1685226465371 8 4199
1685226467383 9 4249
1685226469486 9 4299
1685226472156 9 4349
1685226474443 9 4399
1685226476268 9 4449
1685226478247 9 4499
1685226480785 9 4549
1685226483162 9 4599
1685226484904 9 4649
