1685224172032 0.49942225217819214 49
1685224173160 0.4013194143772125 99
1685224175536 0.3040087819099426 149
1685224176747 0.3643227517604828 199
1685224177930 0.31025534868240356 249
1685224179143 0.3882071375846863 299
1685224180388 0.24590526521205902 349
1685224181666 0.18513897061347961 399
1685224183080 0.4058486223220825 449
1685224184314 0.34326329827308655 499
1685224185443 0.2757141888141632 549
1685224186560 0.10851068794727325 599
1685224187689 0.14292676746845245 649
1685224188862 0.17776842415332794 699
1685224191034 0.12301457673311234 749
1685224192481 0.17323076725006104 799
1685224195693 0.17885826528072357 849
1685224197160 0.11598251760005951 899
1685224198398 0.09443970769643784 949
1685224199686 0.1591777801513672 999
1685224201067 0.18505728244781494 1049
1685224202451 0.18659529089927673 1099
1685224203672 0.11748690158128738 1149
1685224204867 0.1472323089838028 1199
1685224206013 0.08944439142942429 1249
1685224207154 0.10848554968833923 1299
1685224208299 0.08034441620111465 1349
1685224209581 0.11698619276285172 1399
1685224210797 0.051022231578826904 1449
1685224211988 0.08945910632610321 1499
1685224213180 0.23860399425029755 1549
1685224214328 0.11958601325750351 1599
1685224215594 0.1193435788154602 1649
1685224216794 0.034060023725032806 1699
1685224218000 0.06811670958995819 1749
1685224219247 0.12868773937225342 1799
1685224220400 0.059430789202451706 1849
1685224221573 0.052944689989089966 1899
1685224222747 0.07035008072853088 1949
1685224223907 0.07787776738405228 1999
1685224225072 0.06232847645878792 2049
1685224226230 0.019889669492840767 2099
1685224227446 0.06718642264604568 2149
1685224228619 0.039592716842889786 2199
1685224230194 0.07957400381565094 2249
1685224231446 0.08879508823156357 2299
1685224232712 0.029269177466630936 2349
1685224233968 0.04512763023376465 2399
1685224235185 0.05870614945888519 2449
1685224236464 0.0860285684466362 2499
1685224237683 0.02765689417719841 2549
1685224238944 0.06436791270971298 2599
1685224240175 0.12160147726535797 2649
1685224241375 0.14301718771457672 2699
1685224242530 0.05652308091521263 2749
1685224243741 0.0737500786781311 2799
1685224244903 0.11168999969959259 2849
1685224246119 0.04846002534031868 2899
1685224247286 0.03176980838179588 2949
1685224248446 0.06659851223230362 2999
1685224250088 0.0739225521683693 3049
1685224532585 0.07201220095157623 3099
1685224536769 0.07119522243738174 3149
1685224537905 0.06881727278232574 3199
1685224539101 0.02061248943209648 3249
1685224546524 0.05386815965175629 3299
1685224561744 0.1038677766919136 3349
1685224579507 0.06465809792280197 3399
1685225085880 0.05382668972015381 3449
1685225094854 0.031081143766641617 3499
1685225113887 0.08772515505552292 3549
1685225626349 0.18548551201820374 3599
1685225630643 0.017455250024795532 3649
1685225631772 0.10568583756685257 3699
1685225633075 0.14127837121486664 3749
1685225638384 0.08462817221879959 3799
1685225656728 0.026498468592762947 3849
1685225667598 0.02130299247801304 3899
1685225996914 0.127934992313385 3949
1685226001940 0.0666096955537796 3999
1685226450028 0.028136560693383217 4049
1685226460324 0.05482034757733345 4099
1685226463194 0.034002624452114105 4149
1685226465371 0.08734025061130524 4199
1685226467383 0.06320534646511078 4249
1685226469486 0.017622115090489388 4299
1685226472156 0.012732932344079018 4349
1685226474443 0.07651332765817642 4399
1685226476268 0.036204662173986435 4449
1685226478247 0.106882244348526 4499
1685226480785 0.015962934121489525 4549
1685226483162 0.04469526186585426 4599
1685226484904 0.062439195811748505 4649
