1685230255316 0 49
1685230258948 0 99
1685230262145 0 149
1685230273423 0 199
1685230277153 1 249
1685230280169 1 299
1685230283603 1 349
1685230286630 1 399
1685230289573 1 449
1685230292497 2 499
1685230295492 2 549
1685230298408 2 599
1685230301276 2 649
1685230625751 2 699
1685230844291 3 749
1685230854932 3 799
1685230858206 3 849
1685230861314 3 899
1685230864542 4 949
1685230867752 4 999
1685230871109 4 1049
1685230874289 4 1099
1685230877322 4 1149
1685230880493 5 1199
1685230883557 5 1249
1685230886693 5 1299
1685230889936 5 1349
1685230893465 5 1399
1685230896639 6 1449
1685230900096 6 1499
1685230903227 6 1549
1685230906812 6 1599
1685230910210 7 1649
1685230913410 7 1699
1685230916723 7 1749
1685230919872 7 1799
1685230923069 7 1849
1685230926240 8 1899
1685230929483 8 1949
1685230932746 8 1999
1685230936647 8 2049
1685230939900 8 2099
1685230943076 9 2149
1685230946199 9 2199
1685230949345 9 2249
1685230952386 9 2299
1685230955591 9 2349
