1685230255316 0.446250855922699 49
1685230258948 0.328081876039505 99
1685230262145 0.38240116834640503 149
1685230273423 0.18486818671226501 199
1685230277153 0.1904214322566986 249
1685230280169 0.18373607099056244 299
1685230283603 0.2582016885280609 349
1685230286630 0.1771380454301834 399
1685230289573 0.13796372711658478 449
1685230292497 0.13040503859519958 499
1685230295492 0.18517740070819855 549
1685230298408 0.15488393604755402 599
1685230301276 0.12223690003156662 649
1685230625751 0.0795399472117424 699
1685230844291 0.08562755584716797 749
1685230854932 0.07947759330272675 799
1685230858206 0.10684346407651901 849
1685230861314 0.08526550233364105 899
1685230864542 0.1422593891620636 949
1685230867752 0.15517103672027588 999
1685230871109 0.06649389863014221 1049
1685230874289 0.03642237186431885 1099
1685230877322 0.09743327647447586 1149
1685230880493 0.04490039870142937 1199
1685230883557 0.08536410331726074 1249
1685230886693 0.07858394086360931 1299
1685230889936 0.06051764264702797 1349
1685230893465 0.0783638283610344 1399
1685230896639 0.02345183491706848 1449
1685230900096 0.09970981627702713 1499
1685230903227 0.05796533823013306 1549
1685230906812 0.1651795655488968 1599
1685230910210 0.0696498230099678 1649
1685230913410 0.163456991314888 1699
1685230916723 0.08042646944522858 1749
1685230919872 0.05455847084522247 1799
1685230923069 0.0811905562877655 1849
1685230926240 0.04710547998547554 1899
1685230929483 0.048501428216695786 1949
1685230932746 0.049849770963191986 1999
1685230936647 0.05362250655889511 2049
1685230939900 0.033796872943639755 2099
1685230943076 0.020559141412377357 2149
1685230946199 0.08843851834535599 2199
1685230949345 0.09836671501398087 2249
1685230952386 0.02333926595747471 2299
1685230955591 0.03147166594862938 2349
