1685222990582 0 49
1685222991825 0 99
1685222993319 0 149
1685222994473 0 199
1685222995622 0 249
1685222996769 0 299
1685222997964 0 349
1685222999178 0 399
1685223000337 0 449
1685223001687 1 499
1685223002909 1 549
1685223004152 1 599
1685223005418 1 649
1685223006641 1 699
1685223007954 1 749
1685223009232 1 799
1685223010502 1 849
1685223011801 1 899
1685223013039 2 949
1685223014275 2 999
1685223015482 2 1049
1685223016751 2 1099
1685223017987 2 1149
1685223019344 2 1199
1685223020778 2 1249
1685223022051 2 1299
1685223023356 2 1349
1685223024705 2 1399
1685223026021 3 1449
1685223027300 3 1499
1685223028574 3 1549
1685223029830 3 1599
1685223031094 3 1649
1685223032491 3 1699
1685223033789 3 1749
1685223035074 3 1799
1685223036362 3 1849
1685223037628 4 1899
1685223038968 4 1949
1685223040457 4 1999
1685223041925 4 2049
1685223043351 4 2099
1685223044690 4 2149
1685223046010 4 2199
1685223047318 4 2249
1685223048682 4 2299
1685223050007 5 2349
1685223051389 5 2399
1685223052708 5 2449
1685223054033 5 2499
1685223055342 5 2549
1685223056685 5 2599
1685223058002 5 2649
1685223059334 5 2699
1685223060743 5 2749
1685223062088 5 2799
1685223063584 6 2849
1685223065218 6 2899
1685223066833 6 2949
1685223068499 6 2999
1685223070277 6 3049
1685223071975 6 3099
1685223073688 6 3149
1685223075383 6 3199
1685223077233 6 3249
1685223078849 7 3299
1685223080438 7 3349
1685223081996 7 3399
1685223083573 7 3449
1685223085078 7 3499
1685223086590 7 3549
1685223088093 7 3599
1685223089575 7 3649
1685223091016 7 3699
1685223092582 7 3749
1685223094057 8 3799
1685223095509 8 3849
1685223097015 8 3899
1685223098502 8 3949
1685223099964 8 3999
1685223101436 8 4049
1685223102875 8 4099
1685223104364 8 4149
1685223105865 8 4199
1685223107281 9 4249
1685223108690 9 4299
1685223110210 9 4349
1685223111742 9 4399
1685223113569 9 4449
1685223114983 9 4499
1685223116404 9 4549
1685223117907 9 4599
1685223119361 9 4649
