1685222990582 0.5155851244926453 49
1685222991825 0.6027663350105286 99
1685222993319 0.4317493140697479 149
1685222994473 0.47762343287467957 199
1685222995622 0.4367815852165222 249
1685222996769 0.40599560737609863 299
1685222997964 0.4510829746723175 349
1685222999178 0.5520257353782654 399
1685223000337 0.30544260144233704 449
1685223001687 0.41952210664749146 499
1685223002909 0.3658394515514374 549
1685223004152 0.3362894058227539 599
1685223005418 0.4159541726112366 649
1685223006641 0.28094565868377686 699
1685223007954 0.43736952543258667 749
1685223009232 0.30141469836235046 799
1685223010502 0.2844662368297577 849
1685223011801 0.3808177709579468 899
1685223013039 0.3358091711997986 949
1685223014275 0.47490668296813965 999
1685223015482 0.3516942858695984 1049
1685223016751 0.21603968739509583 1099
1685223017987 0.3388465642929077 1149
1685223019344 0.36245813965797424 1199
1685223020778 0.38188987970352173 1249
1685223022051 0.36720389127731323 1299
1685223023356 0.43400830030441284 1349
1685223024705 0.3668154180049896 1399
1685223026021 0.2876109778881073 1449
1685223027300 0.36879056692123413 1499
1685223028574 0.21206766366958618 1549
1685223029830 0.30305105447769165 1599
1685223031094 0.44822534918785095 1649
1685223032491 0.30631640553474426 1699
1685223033789 0.36480364203453064 1749
1685223035074 0.3359776437282562 1799
1685223036362 0.380273699760437 1849
1685223037628 0.20561961829662323 1899
1685223038968 0.28879472613334656 1949
1685223040457 0.2301413118839264 1999
1685223041925 0.30758360028266907 2049
1685223043351 0.3090178072452545 2099
1685223044690 0.24136482179164886 2149
1685223046010 0.3750472366809845 2199
1685223047318 0.19300000369548798 2249
1685223048682 0.17994734644889832 2299
1685223050007 0.16443833708763123 2349
1685223051389 0.27502596378326416 2399
1685223052708 0.19819337129592896 2449
1685223054033 0.2870369255542755 2499
1685223055342 0.3602924942970276 2549
1685223056685 0.16761131584644318 2599
1685223058002 0.2965194880962372 2649
1685223059334 0.27895891666412354 2699
1685223060743 0.35262590646743774 2749
1685223062088 0.27170494198799133 2799
1685223063584 0.2456643134355545 2849
1685223065218 0.2998674213886261 2899
1685223066833 0.2268536537885666 2949
1685223068499 0.2818472981452942 2999
1685223070277 0.2545115053653717 3049
1685223071975 0.18618321418762207 3099
1685223073688 0.19854560494422913 3149
1685223075383 0.2920267581939697 3199
1685223077233 0.32234910130500793 3249
1685223078849 0.32520541548728943 3299
1685223080438 0.2634091079235077 3349
1685223081996 0.3758685886859894 3399
1685223083573 0.28948643803596497 3449
1685223085078 0.22371938824653625 3499
1685223086590 0.22373808920383453 3549
1685223088093 0.2978096902370453 3599
1685223089575 0.25455740094184875 3649
1685223091016 0.25243377685546875 3699
1685223092582 0.40210166573524475 3749
1685223094057 0.24307750165462494 3799
1685223095509 0.25640231370925903 3849
1685223097015 0.14972251653671265 3899
1685223098502 0.1468953639268875 3949
1685223099964 0.2144775539636612 3999
1685223101436 0.23184184730052948 4049
1685223102875 0.2212541252374649 4099
1685223104364 0.2357858270406723 4149
1685223105865 0.21842369437217712 4199
1685223107281 0.1968667060136795 4249
1685223108690 0.2052212953567505 4299
1685223110210 0.13490305840969086 4349
1685223111742 0.24671253561973572 4399
1685223113569 0.1877433955669403 4449
1685223114983 0.2830711007118225 4499
1685223116404 0.18942435085773468 4549
1685223117907 0.2646033465862274 4599
1685223119361 0.22103671729564667 4649
