1685227363491 0.4989125728607178 49
1685227367195 0.373191773891449 99
1685227370906 0.2694672644138336 149
1685227374435 0.20231612026691437 199
1685227377997 0.3117159903049469 249
1685227381989 0.25502681732177734 299
1685227387930 0.1856272965669632 349
1685227392404 0.17019133269786835 399
1685227396322 0.18847060203552246 449
1685227399233 0.19738879799842834 499
1685227402135 0.200896754860878 549
1685227405070 0.19763852655887604 599
1685227408011 0.2189229130744934 649
1685227411032 0.1164827048778534 699
1685227414714 0.11440667510032654 749
1685227417979 0.13910241425037384 799
1685227420911 0.12162860482931137 849
1685227423848 0.14583280682563782 899
1685227426767 0.13949120044708252 949
1685227429841 0.07729557901620865 999
1685227432729 0.09563838690519333 1049
1685227435651 0.10286682844161987 1099
1685227438545 0.0734424963593483 1149
