1685227141342 0 49
1685227143059 0 99
1685227144884 0 149
1685227146930 0 199
1685227150083 0 249
1685227154448 0 299
1685227156503 0 349
1685227159218 0 399
1685227161837 0 449
1685227164281 1 499
1685227166740 1 549
1685227171645 1 599
1685227174678 1 649
1685227176682 1 699
1685227178518 1 749
1685227180238 1 799
1685227181995 1 849
1685227183894 1 899
1685227186297 2 949
1685227188336 2 999
1685227190226 2 1049
1685227192640 2 1099
1685227195124 2 1149
1685227197533 2 1199
1685227200534 2 1249
1685227202473 2 1299
1685227204457 2 1349
1685227207082 2 1399
1685227210002 3 1449
1685227212223 3 1499
1685227214155 3 1549
1685227216558 3 1599
1685227218855 3 1649
1685227220956 3 1699
1685227223484 3 1749
1685227226120 3 1799
1685227228555 3 1849
1685227230648 4 1899
1685227232600 4 1949
1685227234693 4 1999
1685227236856 4 2049
1685227238740 4 2099
1685227240746 4 2149
1685227242814 4 2199
1685227244943 4 2249
1685227247029 4 2299
1685227248939 5 2349
1685227251053 5 2399
1685227253449 5 2449
1685227255617 5 2499
1685227257871 5 2549
1685227260355 5 2599
1685227263586 5 2649
1685227265896 5 2699
1685227268177 5 2749
1685227270156 5 2799
1685227272465 6 2849
1685227274565 6 2899
1685227276962 6 2949
1685227278968 6 2999
1685227281266 6 3049
1685227283204 6 3099
1685227285356 6 3149
1685227287466 6 3199
1685227289526 6 3249
1685227291589 7 3299
1685227293817 7 3349
1685227295776 7 3399
1685227297831 7 3449
1685227299971 7 3499
1685227302034 7 3549
1685227304164 7 3599
1685227306167 7 3649
1685227308261 7 3699
1685227310228 7 3749
1685227312301 8 3799
1685227314452 8 3849
1685227316371 8 3899
1685227318572 8 3949
1685227320467 8 3999
1685227322548 8 4049
1685227324984 8 4099
1685227327398 8 4149
1685227329594 8 4199
1685227331607 9 4249
1685227333680 9 4299
1685227335546 9 4349
1685227337400 9 4399
1685227339265 9 4449
1685227341338 9 4499
1685227343491 9 4549
1685227345441 9 4599
1685227347528 9 4649
