1685227141342 0.47001081705093384 49
1685227143059 0.36487507820129395 99
1685227144884 0.34241098165512085 149
1685227146930 0.14695167541503906 199
1685227150083 0.2807942032814026 249
1685227154448 0.2612004280090332 299
1685227156503 0.30483976006507874 349
1685227159218 0.3951258361339569 399
1685227161837 0.2016323208808899 449
1685227164281 0.15290170907974243 499
1685227166740 0.10942990332841873 549
1685227171645 0.15233755111694336 599
1685227174678 0.2074842005968094 649
1685227176682 0.19105885922908783 699
1685227178518 0.07735167443752289 749
1685227180238 0.28628477454185486 799
1685227181995 0.16991207003593445 849
1685227183894 0.1498555690050125 899
1685227186297 0.2090027630329132 949
1685227188336 0.1550971418619156 999
1685227190226 0.1794772744178772 1049
1685227192640 0.019103461876511574 1099
1685227195124 0.1597640961408615 1149
1685227197533 0.07996650040149689 1199
1685227200534 0.0460488423705101 1249
1685227202473 0.08038654178380966 1299
1685227204457 0.07553794980049133 1349
1685227207082 0.14827774465084076 1399
1685227210002 0.05380477011203766 1449
1685227212223 0.13260145485401154 1499
1685227214155 0.131392702460289 1549
1685227216558 0.097873754799366 1599
1685227218855 0.2087639570236206 1649
1685227220956 0.12331096827983856 1699
1685227223484 0.14528925716876984 1749
1685227226120 0.09961076080799103 1799
1685227228555 0.09309182316064835 1849
1685227230648 0.12385439872741699 1899
1685227232600 0.14382806420326233 1949
1685227234693 0.16225893795490265 1999
1685227236856 0.1531771868467331 2049
1685227238740 0.10666027665138245 2099
1685227240746 0.06364798545837402 2149
1685227242814 0.013522199355065823 2199
1685227244943 0.16421081125736237 2249
1685227247029 0.07775066792964935 2299
1685227248939 0.15462465584278107 2349
1685227251053 0.1029047966003418 2399
1685227253449 0.1359899342060089 2449
1685227255617 0.12481103092432022 2499
1685227257871 0.20574356615543365 2549
1685227260355 0.22650694847106934 2599
1685227263586 0.06964051723480225 2649
1685227265896 0.10060136765241623 2699
1685227268177 0.0918133482336998 2749
1685227270156 0.10436137765645981 2799
1685227272465 0.04986646771430969 2849
1685227274565 0.18634772300720215 2899
1685227276962 0.1289285570383072 2949
1685227278968 0.05462715029716492 2999
1685227281266 0.06293679773807526 3049
1685227283204 0.06075143441557884 3099
1685227285356 0.14847926795482635 3149
1685227287466 0.10047142952680588 3199
1685227289526 0.08575734496116638 3249
1685227291589 0.06554426997900009 3299
1685227293817 0.05865167826414108 3349
1685227295776 0.1350226253271103 3399
1685227297831 0.05169935151934624 3449
1685227299971 0.08716325461864471 3499
1685227302034 0.0696902796626091 3549
1685227304164 0.12015163898468018 3599
1685227306167 0.05350739136338234 3649
1685227308261 0.07069511711597443 3699
1685227310228 0.09012259542942047 3749
1685227312301 0.16883881390094757 3799
1685227314452 0.044137753546237946 3849
1685227316371 0.03293487802147865 3899
1685227318572 0.08314114063978195 3949
1685227320467 0.01197044923901558 3999
1685227322548 0.013099274598062038 4049
1685227324984 0.08567218482494354 4099
1685227327398 0.1916021704673767 4149
1685227329594 0.02765001729130745 4199
1685227331607 0.03161455690860748 4249
1685227333680 0.03289263695478439 4299
1685227335546 0.07415833324193954 4349
1685227337400 0.04308546707034111 4399
1685227339265 0.11234601587057114 4449
1685227341338 0.07325533032417297 4499
1685227343491 0.0990934669971466 4549
1685227345441 0.07354974746704102 4599
1685227347528 0.159146249294281 4649
