1685226723855 0 49
1685226725624 0 99
1685226727594 0 149
1685226729370 0 199
1685226731488 0 249
1685226733943 0 299
1685226735753 0 349
1685226737491 0 399
1685226739569 0 449
1685226742094 1 499
1685226743826 1 549
1685226745497 1 599
1685226747723 1 649
1685226749541 1 699
1685226752080 1 749
1685226754625 1 799
1685226756611 1 849
1685226758364 1 899
1685226760935 2 949
1685226767218 2 999
1685226769288 2 1049
1685226771085 2 1099
1685226772845 2 1149
1685226774515 2 1199
1685226776114 2 1249
1685226778140 2 1299
1685226780471 2 1349
1685226783474 2 1399
1685226785971 3 1449
1685226789054 3 1499
1685226792070 3 1549
1685226794205 3 1599
1685226796612 3 1649
1685226798605 3 1699
1685226800776 3 1749
1685226802585 3 1799
1685226804451 3 1849
1685226806264 4 1899
1685226807982 4 1949
1685226809719 4 1999
1685226811548 4 2049
1685226813274 4 2099
1685226815131 4 2149
1685226816959 4 2199
1685226819087 4 2249
1685226820793 4 2299
