1685226723855 0.49942225217819214 49
1685226725624 0.4013194143772125 99
1685226727594 0.3040087819099426 149
1685226729370 0.3643227517604828 199
1685226731488 0.31025534868240356 249
1685226733943 0.3882071375846863 299
1685226735753 0.24590526521205902 349
1685226737491 0.18513897061347961 399
1685226739569 0.4058486223220825 449
1685226742094 0.34326329827308655 499
1685226743826 0.2757141888141632 549
1685226745497 0.10851068794727325 599
1685226747723 0.14292676746845245 649
1685226749541 0.17776842415332794 699
1685226752080 0.12301457673311234 749
1685226754625 0.17323076725006104 799
1685226756611 0.17885826528072357 849
1685226758364 0.11598251760005951 899
1685226760935 0.09443970769643784 949
1685226767218 0.1591777801513672 999
1685226769288 0.18505728244781494 1049
1685226771085 0.18659529089927673 1099
1685226772845 0.11748690158128738 1149
1685226774515 0.1472323089838028 1199
1685226776114 0.08944439142942429 1249
1685226778140 0.10848554968833923 1299
1685226780471 0.08034441620111465 1349
1685226783474 0.11698619276285172 1399
1685226785971 0.051022231578826904 1449
1685226789054 0.08945910632610321 1499
1685226792070 0.23860399425029755 1549
1685226794205 0.11958601325750351 1599
1685226796612 0.1193435788154602 1649
1685226798605 0.034060023725032806 1699
1685226800776 0.06811670958995819 1749
1685226802585 0.12868773937225342 1799
1685226804451 0.059430789202451706 1849
1685226806264 0.052944689989089966 1899
1685226807982 0.07035008072853088 1949
1685226809719 0.07787776738405228 1999
1685226811548 0.06232847645878792 2049
1685226813274 0.019889669492840767 2099
1685226815131 0.06718642264604568 2149
1685226816959 0.039592716842889786 2199
1685226819087 0.07957400381565094 2249
1685226820793 0.08879508823156357 2299
