1685230089374 0 49
1685230094187 0 99
1685230097834 0 149
1685230101068 0 199
1685230104498 1 249
1685230108033 1 299
1685230111389 1 349
1685230114657 1 399
1685230118023 1 449
1685230121424 2 499
1685230124686 2 549
1685230128131 2 599
1685230131697 2 649
1685230135029 2 699
1685230138322 3 749
1685230141455 3 799
1685230144586 3 849
1685230147725 3 899
1685230151145 4 949
1685230154808 4 999
1685230158193 4 1049
1685230161427 4 1099
1685230164751 4 1149
1685230168183 5 1199
1685230171286 5 1249
1685230174715 5 1299
1685230177870 5 1349
1685230181085 5 1399
1685230184244 6 1449
1685230187481 6 1499
1685230190586 6 1549
1685230193689 6 1599
1685230196705 7 1649
1685230199869 7 1699
1685230202959 7 1749
1685230206036 7 1799
1685230209468 7 1849
1685230212726 8 1899
1685230216435 8 1949
1685230219737 8 1999
1685230222837 8 2049
1685230225920 8 2099
1685230229033 9 2149
1685230232105 9 2199
1685230235201 9 2249
1685230238539 9 2299
1685230241629 9 2349
