1685230089374 0.3904939293861389 49
1685230094187 0.32054752111434937 99
1685230097834 0.42471325397491455 149
1685230101068 0.3992805778980255 199
1685230104498 0.3566756546497345 249
1685230108033 0.2613769471645355 299
1685230111389 0.23614828288555145 349
1685230114657 0.286129355430603 399
1685230118023 0.23033906519412994 449
1685230121424 0.21759481728076935 499
1685230124686 0.16907502710819244 549
1685230128131 0.13453389704227448 599
1685230131697 0.17729344964027405 649
1685230135029 0.14304053783416748 699
1685230138322 0.18798889219760895 749
1685230141455 0.159407839179039 799
1685230144586 0.14187566936016083 849
1685230147725 0.11228056252002716 899
1685230151145 0.10416323691606522 949
1685230154808 0.09748513251543045 999
1685230158193 0.09148824214935303 1049
1685230161427 0.1332073211669922 1099
1685230164751 0.12846313416957855 1149
1685230168183 0.09409809857606888 1199
1685230171286 0.08987805247306824 1249
1685230174715 0.10309462249279022 1299
1685230177870 0.05997012183070183 1349
1685230181085 0.07874415069818497 1399
1685230184244 0.11913786083459854 1449
1685230187481 0.08045857399702072 1499
1685230190586 0.07981500029563904 1549
1685230193689 0.04050281643867493 1599
1685230196705 0.08372753858566284 1649
1685230199869 0.07569580525159836 1699
1685230202959 0.05819523707032204 1749
1685230206036 0.05969367176294327 1799
1685230209468 0.06598065048456192 1849
1685230212726 0.07055988907814026 1899
1685230216435 0.06738794595003128 1949
1685230219737 0.08230120688676834 1999
1685230222837 0.050470199435949326 2049
1685230225920 0.05699895694851875 2099
1685230229033 0.030339132994413376 2149
1685230232105 0.08537004142999649 2199
1685230235201 0.05763549357652664 2249
1685230238539 0.06921299546957016 2299
1685230241629 0.10457073897123337 2349
