1685226935559 0 49
1685226937471 0 99
1685226939712 0 149
1685226941427 0 199
1685226943239 0 249
1685226944853 0 299
1685226946544 0 349
1685226948580 0 399
1685226950817 0 449
1685226953088 1 499
1685226955101 1 549
1685226957129 1 599
1685226959221 1 649
1685226961130 1 699
1685226963265 1 749
1685226965147 1 799
1685226967516 1 849
1685226969433 1 899
1685226971752 2 949
1685226973602 2 999
1685226975460 2 1049
1685226977297 2 1099
1685226979208 2 1149
1685226981204 2 1199
1685226983070 2 1249
1685226985180 2 1299
1685226987242 2 1349
1685226989143 2 1399
1685226991002 3 1449
1685226992883 3 1499
1685226994750 3 1549
1685226997184 3 1599
1685226999799 3 1649
1685227002399 3 1699
1685227004124 3 1749
1685227006347 3 1799
1685227008461 3 1849
1685227011262 4 1899
1685227013930 4 1949
1685227017042 4 1999
1685227019439 4 2049
1685227021768 4 2099
1685227023709 4 2149
1685227025456 4 2199
1685227027302 4 2249
1685227030156 4 2299
1685227032457 5 2349
1685227034516 5 2399
1685227036596 5 2449
1685227038613 5 2499
1685227040686 5 2549
1685227042841 5 2599
1685227044689 5 2649
1685227046862 5 2699
1685227048975 5 2749
1685227050736 5 2799
1685227052522 6 2849
1685227054243 6 2899
1685227055995 6 2949
1685227057817 6 2999
1685227059684 6 3049
1685227061955 6 3099
1685227064359 6 3149
1685227068011 6 3199
1685227070219 6 3249
1685227072463 7 3299
1685227075374 7 3349
1685227078130 7 3399
1685227080590 7 3449
1685227082483 7 3499
1685227084581 7 3549
1685227088292 7 3599
1685227090244 7 3649
1685227092064 7 3699
1685227094008 7 3749
1685227096141 8 3799
1685227098296 8 3849
1685227100292 8 3899
1685227102248 8 3949
1685227103984 8 3999
1685227105939 8 4049
1685227107920 8 4099
1685227109697 8 4149
1685227111404 8 4199
1685227113243 9 4249
1685227115301 9 4299
1685227117287 9 4349
1685227119116 9 4399
1685227121000 9 4449
1685227122814 9 4499
1685227124620 9 4549
1685227126359 9 4599
1685227128122 9 4649
