1685226935559 0.41064250469207764 49
1685226937471 0.45888665318489075 99
1685226939712 0.35712000727653503 149
1685226941427 0.364645391702652 199
1685226943239 0.3786488473415375 249
1685226944853 0.17739062011241913 299
1685226946544 0.2051362246274948 349
1685226948580 0.20521707832813263 399
1685226950817 0.24844297766685486 449
1685226953088 0.21815352141857147 499
1685226955101 0.16665337979793549 549
1685226957129 0.15433791279792786 599
1685226959221 0.27586230635643005 649
1685226961130 0.2007935792207718 699
1685226963265 0.1917889267206192 749
1685226965147 0.24694180488586426 799
1685226967516 0.09729044139385223 849
1685226969433 0.1032690480351448 899
1685226971752 0.20107358694076538 949
1685226973602 0.1383240520954132 999
1685226975460 0.13226592540740967 1049
1685226977297 0.14019127190113068 1099
1685226979208 0.09422779828310013 1149
1685226981204 0.14745786786079407 1199
1685226983070 0.12607154250144958 1249
1685226985180 0.06744343787431717 1299
1685226987242 0.140501007437706 1349
1685226989143 0.075871042907238 1399
1685226991002 0.13439692556858063 1449
1685226992883 0.15140694379806519 1499
1685226994750 0.08173820376396179 1549
1685226997184 0.04675436019897461 1599
1685226999799 0.06986711174249649 1649
1685227002399 0.10407532006502151 1699
1685227004124 0.1466551274061203 1749
1685227006347 0.07753713428974152 1799
1685227008461 0.09731850773096085 1849
1685227011262 0.08774624764919281 1899
1685227013930 0.09789338707923889 1949
1685227017042 0.026956895366311073 1999
1685227019439 0.06482769548892975 2049
1685227021768 0.1395753026008606 2099
1685227023709 0.06650057435035706 2149
1685227025456 0.05701586231589317 2199
1685227027302 0.07531280815601349 2249
1685227030156 0.016335345804691315 2299
1685227032457 0.07268289476633072 2349
1685227034516 0.1535865217447281 2399
1685227036596 0.07959511131048203 2449
1685227038613 0.10866724699735641 2499
1685227040686 0.06471186131238937 2549
1685227042841 0.16586525738239288 2599
1685227044689 0.06633207947015762 2649
1685227046862 0.05865307152271271 2699
1685227048975 0.08521991968154907 2749
1685227050736 0.07123539596796036 2799
1685227052522 0.062303654849529266 2849
1685227054243 0.053012534976005554 2899
1685227055995 0.1222185492515564 2949
1685227057817 0.02401304617524147 2999
1685227059684 0.05695271119475365 3049
1685227061955 0.12369807809591293 3099
1685227064359 0.10235190391540527 3149
1685227068011 0.061744172126054764 3199
1685227070219 0.06896402686834335 3249
1685227072463 0.051549579948186874 3299
1685227075374 0.044138457626104355 3349
1685227078130 0.04448186606168747 3399
1685227080590 0.06506597995758057 3449
1685227082483 0.06525786966085434 3499
1685227084581 0.04839954525232315 3549
1685227088292 0.09354069828987122 3599
1685227090244 0.0529874749481678 3649
1685227092064 0.05275510996580124 3699
1685227094008 0.04237465560436249 3749
1685227096141 0.08934871107339859 3799
1685227098296 0.02659141831099987 3849
1685227100292 0.018771102651953697 3899
1685227102248 0.043650176376104355 3949
1685227103984 0.055919453501701355 3999
1685227105939 0.14335007965564728 4049
1685227107920 0.10605380684137344 4099
1685227109697 0.039070013910532 4149
1685227111404 0.04476772993803024 4199
1685227113243 0.06149987876415253 4249
1685227115301 0.017314082011580467 4299
1685227117287 0.01271209679543972 4349
1685227119116 0.05814140662550926 4399
1685227121000 0.06614794582128525 4449
1685227122814 0.07680060714483261 4499
1685227124620 0.024760359898209572 4549
1685227126359 0.00891870353370905 4599
1685227128122 0.030650148168206215 4649
