1685226836577 0 49
1685226838423 0 99
1685226840176 0 149
1685226842308 0 199
1685226844252 0 249
1685226846297 0 299
1685226848183 0 349
1685226849991 0 399
1685226851708 0 449
1685226853449 1 499
1685226855308 1 549
1685226857308 1 599
1685226859379 1 649
1685226861495 1 699
1685226863597 1 749
1685226865310 1 799
1685226867197 1 849
1685226869349 1 899
1685226871241 2 949
1685226872989 2 999
1685226874714 2 1049
1685226876613 2 1099
1685226878364 2 1149
1685226880096 2 1199
1685226881843 2 1249
1685226883808 2 1299
1685226885593 2 1349
1685226887731 2 1399
1685226890180 3 1449
1685226891992 3 1499
1685226893744 3 1549
1685226895517 3 1599
1685226897491 3 1649
1685226899274 3 1699
1685226901117 3 1749
1685226902863 3 1799
1685226904620 3 1849
1685226907173 4 1899
1685226909235 4 1949
1685226911106 4 1999
1685226913036 4 2049
1685226914868 4 2099
1685226916878 4 2149
1685226918627 4 2199
1685226920339 4 2249
1685226922128 4 2299
