1685226836577 0.4701351225376129 49
1685226838423 0.425207257270813 99
1685226840176 0.2920170724391937 149
1685226842308 0.23579123616218567 199
1685226844252 0.33500170707702637 249
1685226846297 0.21357537806034088 299
1685226848183 0.15913169085979462 349
1685226849991 0.23724599182605743 399
1685226851708 0.1715768575668335 449
1685226853449 0.16854383051395416 499
1685226855308 0.06760245561599731 549
1685226857308 0.11400985717773438 599
1685226859379 0.09839869290590286 649
1685226861495 0.1656429022550583 699
1685226863597 0.24969244003295898 749
1685226865310 0.20122495293617249 799
1685226867197 0.15993547439575195 849
1685226869349 0.11878497153520584 899
1685226871241 0.22168530523777008 949
1685226872989 0.13505291938781738 999
1685226874714 0.11169163882732391 1049
1685226876613 0.15419957041740417 1099
1685226878364 0.12321445345878601 1149
1685226880096 0.1461893767118454 1199
1685226881843 0.04632856324315071 1249
1685226883808 0.18570154905319214 1299
1685226885593 0.33237236738204956 1349
1685226887731 0.14009343087673187 1399
1685226890180 0.1069105863571167 1449
1685226891992 0.1358698457479477 1499
1685226893744 0.1425933539867401 1549
1685226895517 0.16298793256282806 1599
1685226897491 0.07924316823482513 1649
1685226899274 0.17308726906776428 1699
1685226901117 0.08950351178646088 1749
1685226902863 0.11008016020059586 1799
1685226904620 0.08711839467287064 1849
1685226907173 0.05480014160275459 1899
1685226909235 0.19245590269565582 1949
1685226911106 0.11200737208127975 1999
1685226913036 0.1531626582145691 2049
1685226914868 0.19095493853092194 2099
1685226916878 0.08188070356845856 2149
1685226918627 0.11649440228939056 2199
1685226920339 0.025989558547735214 2249
1685226922128 0.1470685452222824 2299
